2410
3551
2666
5569
245
3363
6427
6637
2134
1629
8369
9504
9138
4900
3143
4180
2822
7373
1908
5267
7164
4031
1617
2684
8197
4273
6482
1424
384
956
4373
8816
3943
6321
6356
3448
1704
6837
9764
5876
6011
5271
6119
9751
6884
6695
9302
9969
7287
5310
1776
5988
2752
3092
3493
7329
2647
4933
1640
2042
1606
9223
457
5075
5245
5693
175
5394
4472
3507
8558
813
8995
6433
8018
6137
4298
1263
2754
3865
8620
3178
5194
125
8894
4702
8068
1569
4254
7794
970
2781
8274
6681
8570
413
3856
3923
5077
5942
3468
4860
507
3464
6619
6892
8699
1383
4111
4418
9276
197
2046
2300
3725
3613
7307
1645
9801
4724
9630
8924
8818
4655
806
9842
3924
9128
4727
5161
1154
9608
7963
523
8867
8604
412
3316
5660
705
9063
7086
8389
4658
335
2197
4802
3130
5322
8103
3527
8799
1570
1744
2774
7249
6641
7140
431
4424
5341
836
2567
598
2975
8489
9124
3946
2511
44
3194
627
7546
11
1363
2949
2483
2458
4068
5398
7006
9304
3026
4403
7828
6153
8426
9280
4053
9684
9963
7118
4288
8506
8704
1678
3498
6053
3113
9035
4319
6107
8581
8321
1628
3486
4817
4623
8485
5020
886
995
1903
1583
713
7205
1681
6663
1723
5809
6086
5626
918
2423
8526
1065
6340
4496
7293
39
6004
9253
1562
3391
4793
5032
8093
367
4092
4957
9717
9724
5612
9818
6622
7576
2346
3222
6402
4601
8050
3563
8530
6919
9494
7413
1347
8062
479
4756
4036
6665
7192
8557
6350
3352
7130
8660
8598
4107
878
2014
6777
2438
324
8886
2953
4247
6891
6817
7202
9320
5962
5857
1833
1844
1323
7653
7181
6002
3745
4243
8720
4995
7887
9198
6696
3793
1173
7482
2877
9002
8726
8229
8339
2936
9947
729
3452
1189
5986
3999
1399
9941
5185
2659
15
1300
3667
4510
1400
2416
6617
1220
1119
5724
4472
5054
7944
4190
9573
5979
3219
4375
6051
8528
5293
4545
358
6284
1885
951
8584
7641
7141
7489
2510
1070
3506
9790
6902
3794
8049
7550
1894
5229
8720
6797
7482
1664
5688
4320
1222
5617
9804
5291
6747
7306
1596
8947
5525
1865
1716
3949
1949
7705
1704
791
3322
6621
2511
947
4098
8593
9341
5202
6769
3787
9735
1103
5268
7718
9509
7126
1434
678
5187
5048
9929
9778
3348
3828
5145
391
2707
4340
1065
2612
8082
1676
9657
657
7543
2370
2355
3147
9548
4729
7764
4575
5562
2101
7887
7849
8494
5958
6662
138
5027
3116
4568
807
8400
7846
7003
5597
9573
7227
6563
4239
8975
429
2808
428
1565
7449
60
4468
7720
5421
7881
2751
5492
2588
4319
7676
6215
1444
9129
4860
110
3783
7849
3015
4972
8726
1700
9696
2566
5469
1051
9450
437
8669
1686
7994
363
9433
6696
654
8804
2336
4453
522
3795
2477
7744
433
8560
873
6308
3010
9528
6719
7633
4230
9728
541
7785
9442
7683
9194
7505
5843
8049
2192
6498
8008
8071
6034
1022
8828
8216
2852
2450
8314
2872
8657
6589
9091
4549
7997
2965
6186
239
9611
9148
3142
543
4423
8464
8585
7703
9217
8203
220
6535
1243
346
8943
7393
8709
729
1141
3734
7410
3878
3086
7429
9519
2275
4372
4322
5342
3232
8068
5649
5958
8510
2425
887
4919
3820
9295
9617
1012
2200
1262
9191
1038
8603
5631
3895
817
455
1484
8671
9607
768
5528
3627
6976
2734
8562
6879
2916
7112
2215
6238
2489
2643
1649
7817
8708
304
8619
453
3683
9044
5209
3489
1580
4032
8191
9614
5360
9914
4572
6694
3715
2886
6826
7102
4235
5065
4914
8218
2079
251
8279
8134
8793
1131
9309
5904
3563
8164
4993
6243
1615
8845
9008
7274
178
483
9324
3661
4826
2836
9252
90
5381
5794
3241
8115
2409
439
9611
310
8551
2752
4409
8059
878
5038
5728
1540
7227
3710
9768
1829
5752
769
6155
65
6504
6945
3104
4897
3857
1700
7452
8872
1304
4721
8110
3410
8001
7073
3935
6165
8420
177
3765
9441
5597
4143
8032
3166
3301
9523
5567
2459
4028
8966
5985
8479
8175
4755
5959
4548
782
833
563
9518
8086
935
9187
1693
885
4352
5462
5716
3793
2500
164
885
9273
8702
7350
8651
7041
7330
1818
5133
8182
1494
2129
9695
1045
587
6684
6562
6296
9611
7155
9464
3300
4210
2352
2852
3953
8277
3784
2120
9868
8211
5973
1995
424
3133
547
2905
3855
6668
7107
1734
4329
7510
8739
2863
1107
7984
2968
3612
3436
2165
7047
5522
5718
6146
8781
2671
1875
7268
2302
1046
8112
178
5598
5070
3477
9930
1445
6963
6338
540
6550
7604
9630
6644
7242
8274
4616
3857
2645
3772
2270
7196
9947
6694
9922
8003
3582
2376
5640
3307
8870
7412
7348
2056
9073
5526
1942
5198
5775
7589
9694
3606
2467
5136
2720
9872
6255
5527
6299
3565
7134
5578
4804
2617
1529
9049
6836
5566
1435
7478
2112
9135
3290
8063
6627
8615
4479
5462
4758
108
1313
3743
1375
2773
8207
4970
8363
6905
9890
7325
5794
9283
3914
5637
8119
893
8685
374
804
2057
2610
1950
6407
4305
1805
8674
2766
7687
2906
4069
8070
8582
5775
2496
7747
8449
1443
7888
2338
8594
1349
5788
6780
1046
7677
4616
5283
9225
831
7986
2582
6996
4901
9838
1448
4852
8430
1185
1839
6040
1957
2277
6342
589
6940
725
647
2220
5530
5393
2422
3399
6010
6253
800
7293
7558
385
9101
8737
8545
8458
4564
8504
4586
39
4658
4258
2985
5173
722
5003
2085
5310
299
3071
4850
9492
5584
882
3567
4227
186
8095
1164
4971
549
6987
1674
6306
111
2357
6868
7573
545
4000
1430
9320
8883
978
6279
3288
9643
6190
7953
2727
6343
4004
1637
3124
9530
5017
2378
8486
4275
1165
3870
5365
3533
5842
2352
692
946
613
8104
6215
2345
9745
8100
927
9869
2167
3058
